ATOMIC_POSITIONS crystal
Fe08             0.0019079269       -0.0240643124        0.4711847838
Fe04             0.1342926774        0.2440450029        0.2927071817
Fe32             0.5078142242        0.4622229194        0.0296634953
Fe23             0.1408776284        0.7708677599        0.2058948974
Fe31             0.2529078828        0.9685082599        0.5565875949
Fe10             0.3716874783        0.2228775034        0.2593448155
Fe12             0.2549329760        0.4660018005        0.0387827715
Fe27             0.3717965423        0.7501137969        0.2677835352
Fe29             0.0070620863        0.0317313586        0.9901094500
Fe16             0.1121336695        0.2458526727        0.7101098308
Fe02             0.4982135219        0.4979976474        0.4444559307
Fe14             0.1047097416        0.7124167932        0.7381257679
Fe28             0.2551615758        1.0517670390        0.9531846546
Fe03             0.3826206885        0.2699013005        0.7280656554
Fe06             0.2339507227        0.5387510944        0.5305691928
Fe01             0.3780025167        0.7497455191        0.7852065826
Fe19             0.5076272149       -0.0300625552        0.4719653430
Fe26             0.6315694128        0.2217280994        0.2763648301
Fe21             0.9881492085        0.4579910782        0.0184844513
Fe22             0.6386601429        0.7934828680        0.2321470039
Fe18             0.7682796226        0.9822084177        0.5515630787
Fe17             0.8500167535        0.2462692819        0.3067342026
Fe25             0.7571694682        0.5024269200        0.0252281025
Fe20             0.8668215990        0.7611971145        0.2581615349
Fe30             0.5073315267       -0.0056183721        0.9712410138
Fe24             0.6326470552        0.2783229327        0.7233288396
Fe13             1.0013029596        0.5133558377        0.4166615567
Fe09             0.5983165066        0.7034995642        0.7518968485
Fe07             0.7631583708        1.0581327672        0.9930062922
Fe05             0.8667011904        0.2926154370        0.7163624316
Fe15             0.7468926492        0.5282389471        0.4968327037
Fe11             0.8672844599        0.7374756851        0.7882456101
