# segment point distance q1 q2 q3 frequency_1_THz frequency_2_THz frequency_3_THz
0.0000000000 0.0000000000 0.0000000000 0.0000000000 0.0000000000 0.0000000000 0.0000001523 0.0000002248 0.0000002791
0.0000000000 1.0000000000 0.0043668123 0.0050000000 -0.0050000000 0.0050000000 0.2644068537 0.2644068537 0.5447400742
0.0000000000 2.0000000000 0.0087336246 0.0100000000 -0.0100000000 0.0100000000 0.5288815419 0.5288815419 1.0887537932
0.0000000000 3.0000000000 0.0131004369 0.0150000000 -0.0150000000 0.0150000000 0.7934909583 0.7934909583 1.6313166913
0.0000000000 4.0000000000 0.0174672492 0.0200000000 -0.0200000000 0.0200000000 1.0583001239 1.0583001239 2.1717080777
0.0000000000 5.0000000000 0.0218340615 0.0250000000 -0.0250000000 0.0250000000 1.3233712707 1.3233712707 2.7092129154
0.0000000000 6.0000000000 0.0262008738 0.0300000000 -0.0300000000 0.0300000000 1.5887629511 1.5887629511 3.2431236878
0.0000000000 7.0000000000 0.0305676861 0.0350000000 -0.0350000000 0.0350000000 1.8545291787 1.8545291787 3.7727422516
0.0000000000 8.0000000000 0.0349344984 0.0400000000 -0.0400000000 0.0400000000 2.1207186093 2.1207186093 4.2973816709
0.0000000000 9.0000000000 0.0393013107 0.0450000000 -0.0450000000 0.0450000000 2.3873737679 2.3873737679 4.8163680292
0.0000000000 10.0000000000 0.0436681230 0.0500000000 -0.0500000000 0.0500000000 2.6545303276 2.6545303276 5.3290422157
0.0000000000 11.0000000000 0.0480349353 0.0550000000 -0.0550000000 0.0550000000 2.9222164474 2.9222164474 5.8347616828
0.0000000000 12.0000000000 0.0524017476 0.0600000000 -0.0600000000 0.0600000000 3.1904521711 3.1904521711 6.3329021699
0.0000000000 13.0000000000 0.0567685599 0.0650000000 -0.0650000000 0.0650000000 3.4592488943 3.4592488943 6.8228593918
0.0000000000 14.0000000000 0.0611353722 0.0700000000 -0.0700000000 0.0700000000 3.7286088999 3.7286088999 7.3040506862
0.0000000000 15.0000000000 0.0655021845 0.0750000000 -0.0750000000 0.0750000000 3.9985249662 3.9985249662 7.7759166183
0.0000000000 16.0000000000 0.0698689968 0.0800000000 -0.0800000000 0.0800000000 4.2689800493 4.2689800493 8.2379225380
0.0000000000 17.0000000000 0.0742358091 0.0850000000 -0.0850000000 0.0850000000 4.5399470393 4.5399470393 8.6895600870
0.0000000000 18.0000000000 0.0786026214 0.0900000000 -0.0900000000 0.0900000000 4.8113885929 4.8113885929 9.1303486514
0.0000000000 19.0000000000 0.0829694337 0.0950000000 -0.0950000000 0.0950000000 5.0832570391 5.0832570391 9.5598367565
0.0000000000 20.0000000000 0.0873362460 0.1000000000 -0.1000000000 0.1000000000 5.3554943593 5.3554943593 9.9776034016
0.0000000000 21.0000000000 0.0917030583 0.1050000000 -0.1050000000 0.1050000000 5.6280322389 5.6280322389 10.3832593282
0.0000000000 22.0000000000 0.0960698706 0.1100000000 -0.1100000000 0.1100000000 5.9007921884 5.9007921884 10.7764482210
0.0000000000 23.0000000000 0.1004366829 0.1150000000 -0.1150000000 0.1150000000 6.1736857319 6.1736857319 11.1568478364
0.0000000000 24.0000000000 0.1048034952 0.1200000000 -0.1200000000 0.1200000000 6.4466146590 6.4466146590 11.5241710547
0.0000000000 25.0000000000 0.1091703075 0.1250000000 -0.1250000000 0.1250000000 6.7194713377 6.7194713377 11.8781668521
0.0000000000 26.0000000000 0.1135371198 0.1300000000 -0.1300000000 0.1300000000 6.9921390839 6.9921390839 12.2186211889
0.0000000000 27.0000000000 0.1179039321 0.1350000000 -0.1350000000 0.1350000000 7.2644925843 7.2644925843 12.5453578084
0.0000000000 28.0000000000 0.1222707444 0.1400000000 -0.1400000000 0.1400000000 7.5363983680 7.5363983680 12.8582389436
0.0000000000 29.0000000000 0.1266375567 0.1450000000 -0.1450000000 0.1450000000 7.8077153232 7.8077153232 13.1571659250
0.0000000000 30.0000000000 0.1310043690 0.1500000000 -0.1500000000 0.1500000000 8.0782952540 8.0782952540 13.4420796861
0.0000000000 31.0000000000 0.1353711813 0.1550000000 -0.1550000000 0.1550000000 8.3479834744 8.3479834744 13.7129611595
0.0000000000 32.0000000000 0.1397379936 0.1600000000 -0.1600000000 0.1600000000 8.6166194331 8.6166194331 13.9698315600
0.0000000000 33.0000000000 0.1441048059 0.1650000000 -0.1650000000 0.1650000000 8.8840373670 8.8840373670 14.2127525459
0.0000000000 34.0000000000 0.1484716182 0.1700000000 -0.1700000000 0.1700000000 9.1500669779 9.1500669779 14.4418262538
0.0000000000 35.0000000000 0.1528384305 0.1750000000 -0.1750000000 0.1750000000 9.4145341281 9.4145341281 14.6571951994
0.0000000000 36.0000000000 0.1572052428 0.1800000000 -0.1800000000 0.1800000000 9.6772615520 9.6772615520 14.8590420361
0.0000000000 37.0000000000 0.1615720551 0.1850000000 -0.1850000000 0.1850000000 9.9380695783 9.9380695783 15.0475891638
0.0000000000 38.0000000000 0.1659388674 0.1900000000 -0.1900000000 0.1900000000 10.1967768602 10.1967768602 15.2230981805
0.0000000000 39.0000000000 0.1703056797 0.1950000000 -0.1950000000 0.1950000000 10.4532011087 10.4532011087 15.3858691653
0.0000000000 40.0000000000 0.1746724920 0.2000000000 -0.2000000000 0.2000000000 10.7071598265 10.7071598265 15.5362397863
0.0000000000 41.0000000000 0.1790393043 0.2050000000 -0.2050000000 0.2050000000 10.9584710382 10.9584710382 15.6745842217
0.0000000000 42.0000000000 0.1834061166 0.2100000000 -0.2100000000 0.2100000000 11.2069540139 11.2069540139 15.8013118868
0.0000000000 43.0000000000 0.1877729289 0.2150000000 -0.2150000000 0.2150000000 11.4524299820 11.4524299820 15.9168659543
0.0000000000 44.0000000000 0.1921397412 0.2200000000 -0.2200000000 0.2200000000 11.6947228305 11.6947228305 16.0217216613
0.0000000000 45.0000000000 0.1965065535 0.2250000000 -0.2250000000 0.2250000000 11.9336597901 11.9336597901 16.1163843928
0.0000000000 46.0000000000 0.2008733658 0.2300000000 -0.2300000000 0.2300000000 12.1690721003 12.1690721003 16.2013875344
0.0000000000 47.0000000000 0.2052401781 0.2350000000 -0.2350000000 0.2350000000 12.4007956521 12.4007956521 16.2772900864
0.0000000000 48.0000000000 0.2096069904 0.2400000000 -0.2400000000 0.2400000000 12.6286716074 12.6286716074 16.3446740364
0.0000000000 49.0000000000 0.2139738027 0.2450000000 -0.2450000000 0.2450000000 12.8525469915 12.8525469915 16.4041414859
0.0000000000 50.0000000000 0.2183406150 0.2500000000 -0.2500000000 0.2500000000 13.0722752555 13.0722752555 16.4563115318
0.0000000000 51.0000000000 0.2227074273 0.2550000000 -0.2550000000 0.2550000000 13.2877168084 13.2877168084 16.5018169077
0.0000000000 52.0000000000 0.2270742396 0.2600000000 -0.2600000000 0.2600000000 13.4987395141 13.4987395141 16.5413003898
0.0000000000 53.0000000000 0.2314410519 0.2650000000 -0.2650000000 0.2650000000 13.7052191542 13.7052191542 16.5754109833
0.0000000000 54.0000000000 0.2358078642 0.2700000000 -0.2700000000 0.2700000000 13.9070398515 13.9070398515 16.6047999052
0.0000000000 55.0000000000 0.2401746765 0.2750000000 -0.2750000000 0.2750000000 14.1040944553 14.1040944553 16.6301163870
0.0000000000 56.0000000000 0.2445414888 0.2800000000 -0.2800000000 0.2800000000 14.2962848841 14.2962848841 16.6520033294
0.0000000000 57.0000000000 0.2489083011 0.2850000000 -0.2850000000 0.2850000000 14.4835224270 14.4835224270 16.6710928427
0.0000000000 58.0000000000 0.2532751134 0.2900000000 -0.2900000000 0.2900000000 14.6657279991 14.6657279991 16.6880017190
0.0000000000 59.0000000000 0.2576419257 0.2950000000 -0.2950000000 0.2950000000 14.8428323523 14.8428323523 16.7033268842
0.0000000000 60.0000000000 0.2620087380 0.3000000000 -0.3000000000 0.3000000000 15.0147762384 15.0147762384 16.7176408856
0.0000000000 61.0000000000 0.2663755503 0.3050000000 -0.3050000000 0.3050000000 15.1815105249 15.1815105249 16.7314874765
0.0000000000 62.0000000000 0.2707423626 0.3100000000 -0.3100000000 0.3100000000 15.3429962611 15.3429962611 16.7453773624
0.0000000000 63.0000000000 0.2751091749 0.3150000000 -0.3150000000 0.3150000000 15.4992046948 15.4992046948 16.7597841759
0.0000000000 64.0000000000 0.2794759872 0.3200000000 -0.3200000000 0.3200000000 15.6501172388 15.6501172388 16.7751407492
0.0000000000 65.0000000000 0.2838427995 0.3250000000 -0.3250000000 0.3250000000 15.7957253862 15.7957253862 16.7918357504
0.0000000000 66.0000000000 0.2882096118 0.3300000000 -0.3300000000 0.3300000000 15.9360305750 15.9360305750 16.8102107489
0.0000000000 67.0000000000 0.2925764241 0.3350000000 -0.3350000000 0.3350000000 16.0710440018 16.0710440018 16.8305577672
0.0000000000 68.0000000000 0.2969432364 0.3400000000 -0.3400000000 0.3400000000 16.2007863845 16.2007863845 16.8531173705
0.0000000000 69.0000000000 0.3013100487 0.3450000000 -0.3450000000 0.3450000000 16.3252876747 16.3252876747 16.8780773360
0.0000000000 70.0000000000 0.3056768610 0.3500000000 -0.3500000000 0.3500000000 16.4445867204 16.4445867204 16.9055719314
0.0000000000 71.0000000000 0.3100436733 0.3550000000 -0.3550000000 0.3550000000 16.5587308804 16.5587308804 16.9356818219
0.0000000000 72.0000000000 0.3144104856 0.3600000000 -0.3600000000 0.3600000000 16.6677755910 16.6677755910 16.9684346093
0.0000000000 73.0000000000 0.3187772979 0.3650000000 -0.3650000000 0.3650000000 16.7717838868 16.7717838868 17.0038059955
0.0000000000 74.0000000000 0.3231441102 0.3700000000 -0.3700000000 0.3700000000 16.8708258778 16.8708258778 17.0417215486
0.0000000000 75.0000000000 0.3275109225 0.3750000000 -0.3750000000 0.3750000000 16.9649781847 16.9649781847 17.0820590379
0.0000000000 76.0000000000 0.3318777348 0.3800000000 -0.3800000000 0.3800000000 17.0543233346 17.0543233346 17.1246512924
0.0000000000 77.0000000000 0.3362445471 0.3850000000 -0.3850000000 0.3850000000 17.1389491207 17.1389491207 17.1692895301
0.0000000000 78.0000000000 0.3406113594 0.3900000000 -0.3900000000 0.3900000000 17.2157270949 17.2189479285 17.2189479285
0.0000000000 79.0000000000 0.3449781717 0.3950000000 -0.3950000000 0.3950000000 17.2636835368 17.2944160326 17.2944160326
0.0000000000 80.0000000000 0.3493449840 0.4000000000 -0.4000000000 0.4000000000 17.3128489635 17.3654528672 17.3654528672
0.0000000000 81.0000000000 0.3537117963 0.4050000000 -0.4050000000 0.4050000000 17.3628885947 17.4321602750 17.4321602750
0.0000000000 82.0000000000 0.3580786086 0.4100000000 -0.4100000000 0.4100000000 17.4134474493 17.4946417399 17.4946417399
0.0000000000 83.0000000000 0.3624454209 0.4150000000 -0.4150000000 0.4150000000 17.4641550981 17.5530016055 17.5530016055
0.0000000000 84.0000000000 0.3668122332 0.4200000000 -0.4200000000 0.4200000000 17.5146304207 17.6073442882 17.6073442882
0.0000000000 85.0000000000 0.3711790455 0.4250000000 -0.4250000000 0.4250000000 17.5644863075 17.6577734865 17.6577734865
0.0000000000 86.0000000000 0.3755458578 0.4300000000 -0.4300000000 0.4300000000 17.6133342577 17.7043913950 17.7043913950
0.0000000000 87.0000000000 0.3799126701 0.4350000000 -0.4350000000 0.4350000000 17.6607888254 17.7472979268 17.7472979268
0.0000000000 88.0000000000 0.3842794824 0.4400000000 -0.4400000000 0.4400000000 17.7064718780 17.7865899505 17.7865899505
0.0000000000 89.0000000000 0.3886462947 0.4450000000 -0.4450000000 0.4450000000 17.7500166321 17.8223605487 17.8223605487
0.0000000000 90.0000000000 0.3930131070 0.4500000000 -0.4500000000 0.4500000000 17.7910714425 17.8546983013 17.8546983013
0.0000000000 91.0000000000 0.3973799193 0.4550000000 -0.4550000000 0.4550000000 17.8293033225 17.8836866023 17.8836866023
0.0000000000 92.0000000000 0.4017467316 0.4600000000 -0.4600000000 0.4600000000 17.8644011806 17.9094030134 17.9094030134
0.0000000000 93.0000000000 0.4061135439 0.4650000000 -0.4650000000 0.4650000000 17.8960787608 17.9319186611 17.9319186611
0.0000000000 94.0000000000 0.4104803562 0.4700000000 -0.4700000000 0.4700000000 17.9240772805 17.9512976814 17.9512976814
0.0000000000 95.0000000000 0.4148471685 0.4750000000 -0.4750000000 0.4750000000 17.9481677594 17.9675967180 17.9675967180
0.0000000000 96.0000000000 0.4192139808 0.4800000000 -0.4800000000 0.4800000000 17.9681530375 17.9808644776 17.9808644776
0.0000000000 97.0000000000 0.4235807931 0.4850000000 -0.4850000000 0.4850000000 17.9838694811 17.9911413468 17.9911413468
0.0000000000 98.0000000000 0.4279476054 0.4900000000 -0.4900000000 0.4900000000 17.9951883769 17.9984590731 17.9984590731
0.0000000000 99.0000000000 0.4323144177 0.4950000000 -0.4950000000 0.4950000000 18.0020170145 18.0028405147 18.0028405147
0.0000000000 100.0000000000 0.4366812300 0.5000000000 -0.5000000000 0.5000000000 18.0042994592 18.0042994592 18.0042994592
1.0000000000 0.0000000000 0.4366812300 0.5000000000 -0.5000000000 0.5000000000 18.0042994592 18.0042994592 18.0042994592
1.0000000000 1.0000000000 0.4397690326 0.4950000000 -0.4950000000 0.5000000000 18.0025353710 18.0035700230 18.0041925664
1.0000000000 2.0000000000 0.4428568352 0.4900000000 -0.4900000000 0.5000000000 17.9972424720 18.0013798410 18.0038761351
1.0000000000 3.0000000000 0.4459446377 0.4850000000 -0.4850000000 0.5000000000 17.9884188622 17.9977233028 18.0033628867
1.0000000000 4.0000000000 0.4490324403 0.4800000000 -0.4800000000 0.5000000000 17.9760613848 17.9925910869 18.0026739576
1.0000000000 5.0000000000 0.4521202429 0.4750000000 -0.4750000000 0.5000000000 17.9601656413 17.9859702057 18.0018388002
1.0000000000 6.0000000000 0.4552080455 0.4700000000 -0.4700000000 0.5000000000 17.9407260130 17.9778440673 18.0008950441
1.0000000000 7.0000000000 0.4582958481 0.4650000000 -0.4650000000 0.5000000000 17.9177356868 17.9681925546 17.9998883184
1.0000000000 8.0000000000 0.4613836507 0.4600000000 -0.4600000000 0.5000000000 17.8911866891 17.9569921210 17.9988720340
1.0000000000 9.0000000000 0.4644714533 0.4550000000 -0.4550000000 0.5000000000 17.8610699231 17.9442159033 17.9979071272
1.0000000000 10.0000000000 0.4675592559 0.4500000000 -0.4500000000 0.5000000000 17.8273752130 17.9298338494 17.9970617647
1.0000000000 11.0000000000 0.4706470585 0.4450000000 -0.4450000000 0.5000000000 17.7900913534 17.9138128619 17.9964110089
1.0000000000 12.0000000000 0.4737348611 0.4400000000 -0.4400000000 0.5000000000 17.7492061633 17.8961169566 17.9960364465
1.0000000000 13.0000000000 0.4768226636 0.4350000000 -0.4350000000 0.5000000000 17.7047065461 17.8767074347 17.9960257789
1.0000000000 14.0000000000 0.4799104662 0.4300000000 -0.4300000000 0.5000000000 17.6565785531 17.8555430678 17.9964723756
1.0000000000 15.0000000000 0.4829982688 0.4250000000 -0.4250000000 0.5000000000 17.6048074530 17.8325802966 17.9974747928
1.0000000000 16.0000000000 0.4860860714 0.4200000000 -0.4200000000 0.5000000000 17.5493778050 17.8077734399 17.9991362561
1.0000000000 17.0000000000 0.4891738740 0.4150000000 -0.4150000000 0.5000000000 17.4902735359 17.7810749157 18.0015641115
1.0000000000 18.0000000000 0.4922616766 0.4100000000 -0.4100000000 0.5000000000 17.4274780213 17.7524354715 18.0048692432
1.0000000000 19.0000000000 0.4953494792 0.4050000000 -0.4050000000 0.5000000000 17.3609741711 17.7218044242 18.0091654633
1.0000000000 20.0000000000 0.4984372818 0.4000000000 -0.4000000000 0.5000000000 17.2907445167 17.6891299082 18.0145688730
1.0000000000 21.0000000000 0.5015250844 0.3950000000 -0.3950000000 0.5000000000 17.2167713029 17.6543591307 18.0211971996
1.0000000000 22.0000000000 0.5046128869 0.3900000000 -0.3900000000 0.5000000000 17.1390365816 17.6174386342 18.0291691114
1.0000000000 23.0000000000 0.5077006895 0.3850000000 -0.3850000000 0.5000000000 17.0575223084 17.5783145643 18.0386035140
1.0000000000 24.0000000000 0.5107884921 0.3800000000 -0.3800000000 0.5000000000 16.9722104411 17.5369329426 18.0496188308
1.0000000000 25.0000000000 0.5138762947 0.3750000000 -0.3750000000 0.5000000000 16.8830830402 17.4932399438 18.0623322734
1.0000000000 26.0000000000 0.5169640973 0.3700000000 -0.3700000000 0.5000000000 16.7901223710 17.4471821763 18.0768591037
1.0000000000 27.0000000000 0.5200518999 0.3650000000 -0.3650000000 0.5000000000 16.6933110069 17.3987069651 18.0933118937
1.0000000000 28.0000000000 0.5231397025 0.3600000000 -0.3600000000 0.5000000000 16.5926319338 17.3477626378 18.1117997877
1.0000000000 29.0000000000 0.5262275051 0.3550000000 -0.3550000000 0.5000000000 16.4880686549 17.2942988105 18.1324277711
1.0000000000 30.0000000000 0.5293153077 0.3500000000 -0.3500000000 0.5000000000 16.3796052962 17.2382666759 18.1552959509
1.0000000000 31.0000000000 0.5324031103 0.3450000000 -0.3450000000 0.5000000000 16.2672267123 17.1796192906 18.1804988540
1.0000000000 32.0000000000 0.5354909128 0.3400000000 -0.3400000000 0.5000000000 16.1509185907 17.1183118631 18.2081247476
1.0000000000 33.0000000000 0.5385787154 0.3350000000 -0.3350000000 0.5000000000 16.0306675578 17.0543020405 18.2382549871
1.0000000000 34.0000000000 0.5416665180 0.3300000000 -0.3300000000 0.5000000000 15.9064612820 16.9875501945 18.2709633968
1.0000000000 35.0000000000 0.5447543206 0.3250000000 -0.3250000000 0.5000000000 15.7782885774 16.9180197059 18.3063156883
1.0000000000 36.0000000000 0.5478421232 0.3200000000 -0.3200000000 0.5000000000 15.6461395051 16.8456772477 18.3443689210
1.0000000000 37.0000000000 0.5509299258 0.3150000000 -0.3150000000 0.5000000000 15.5100054740 16.7704930661 18.3851710097
1.0000000000 38.0000000000 0.5540177284 0.3100000000 -0.3100000000 0.5000000000 15.3698793392 16.6924412595 18.4287602819
1.0000000000 39.0000000000 0.5571055310 0.3050000000 -0.3050000000 0.5000000000 15.2257554987 16.6115000560 18.4751650909
1.0000000000 40.0000000000 0.5601933336 0.3000000000 -0.3000000000 0.5000000000 15.0776299877 16.5276520878 18.5244034841
1.0000000000 41.0000000000 0.5632811361 0.2950000000 -0.2950000000 0.5000000000 14.9255005713 16.4408846642 18.5764829324
1.0000000000 42.0000000000 0.5663689387 0.2900000000 -0.2900000000 0.5000000000 14.7693668337 16.3511900420 18.6314001207
1.0000000000 43.0000000000 0.5694567413 0.2850000000 -0.2850000000 0.5000000000 14.6092302654 16.2585656943 18.6891408009
1.0000000000 44.0000000000 0.5725445439 0.2800000000 -0.2800000000 0.5000000000 14.4450943475 16.1630145769 18.7496797080
1.0000000000 45.0000000000 0.5756323465 0.2750000000 -0.2750000000 0.5000000000 14.2769646325 16.0645453935 18.8129805403
1.0000000000 46.0000000000 0.5787201491 0.2700000000 -0.2700000000 0.5000000000 14.1048488230 15.9631728587 18.8789960010
1.0000000000 47.0000000000 0.5818079517 0.2650000000 -0.2650000000 0.5000000000 13.9287568462 15.8589179605 18.9476679022
1.0000000000 48.0000000000 0.5848957543 0.2600000000 -0.2600000000 0.5000000000 13.7487009260 15.7518082208 19.0189273272
1.0000000000 49.0000000000 0.5879835569 0.2550000000 -0.2550000000 0.5000000000 13.5646956514 15.6418779559 19.0926948506
1.0000000000 50.0000000000 0.5910713595 0.2500000000 -0.2500000000 0.5000000000 13.3767580412 15.5291685359 19.1688808115
1.0000000000 51.0000000000 0.5941591620 0.2450000000 -0.2450000000 0.5000000000 13.1849076064 15.4137286440 19.2473856386
1.0000000000 52.0000000000 0.5972469646 0.2400000000 -0.2400000000 0.5000000000 12.9891664085 15.2956145355 19.3281002214
1.0000000000 53.0000000000 0.6003347672 0.2350000000 -0.2350000000 0.5000000000 12.7895591147 15.1748902976 19.4109063246
1.0000000000 54.0000000000 0.6034225698 0.2300000000 -0.2300000000 0.5000000000 12.5861130498 15.0516281083 19.4956770417
1.0000000000 55.0000000000 0.6065103724 0.2250000000 -0.2250000000 0.5000000000 12.3788582456 14.9259084970 19.5822772829
1.0000000000 56.0000000000 0.6095981750 0.2200000000 -0.2200000000 0.5000000000 12.1678274872 14.7978206039 19.6705642929
1.0000000000 57.0000000000 0.6126859776 0.2150000000 -0.2150000000 0.5000000000 11.9530563559 14.6674624412 19.7603881946
1.0000000000 58.0000000000 0.6157737802 0.2100000000 -0.2100000000 0.5000000000 11.7345832711 14.5349411527 19.8515925542
1.0000000000 59.0000000000 0.6188615828 0.2050000000 -0.2050000000 0.5000000000 11.5124495293 14.4003732739 19.9440149624
1.0000000000 60.0000000000 0.6219493853 0.2000000000 -0.2000000000 0.5000000000 11.2866993416 14.2638849902 20.0374876290
1.0000000000 61.0000000000 0.6250371879 0.1950000000 -0.1950000000 0.5000000000 11.0573798701 14.1256123926 20.1318379865
1.0000000000 62.0000000000 0.6281249905 0.1900000000 -0.1900000000 0.5000000000 10.8245412649 13.9857017308 20.2268892976
1.0000000000 63.0000000000 0.6312127931 0.1850000000 -0.1850000000 0.5000000000 10.5882367000 13.8443096596 20.3224612654
1.0000000000 64.0000000000 0.6343005957 0.1800000000 -0.1800000000 0.5000000000 10.3485224116 13.7016034788 20.4183706406
1.0000000000 65.0000000000 0.6373883983 0.1750000000 -0.1750000000 0.5000000000 10.1054577389 13.5577613625 20.5144318250
1.0000000000 66.0000000000 0.6404762009 0.1700000000 -0.1700000000 0.5000000000 9.8591051691 13.4129725746 20.6104574667
1.0000000000 67.0000000000 0.6435640035 0.1650000000 -0.1650000000 0.5000000000 9.6095303876 13.2674376675 20.7062590459
1.0000000000 68.0000000000 0.6466518061 0.1600000000 -0.1600000000 0.5000000000 9.3568023378 13.1213686575 20.8016474484
1.0000000000 69.0000000000 0.6497396086 0.1550000000 -0.1550000000 0.5000000000 9.1009932910 12.9749891730 20.8964335258
1.0000000000 70.0000000000 0.6528274112 0.1500000000 -0.1500000000 0.5000000000 8.8421789314 12.8285345669 20.9904286395
1.0000000000 71.0000000000 0.6559152138 0.1450000000 -0.1450000000 0.5000000000 8.5804384605 12.6822519875 21.0834451888
1.0000000000 72.0000000000 0.6590030164 0.1400000000 -0.1400000000 0.5000000000 8.3158547268 12.5364003972 21.1752971207
1.0000000000 73.0000000000 0.6620908190 0.1350000000 -0.1350000000 0.5000000000 8.0485143885 12.3912505294 21.2658004214
1.0000000000 74.0000000000 0.6651786216 0.1300000000 -0.1300000000 0.5000000000 7.7785081181 12.2470847726 21.3547735887
1.0000000000 75.0000000000 0.6682664242 0.1250000000 -0.1250000000 0.5000000000 7.5059308633 12.1041969683 21.4420380840
1.0000000000 76.0000000000 0.6713542268 0.1200000000 -0.1200000000 0.5000000000 7.2308821800 11.9628921089 21.5274187651
1.0000000000 77.0000000000 0.6744420294 0.1150000000 -0.1150000000 0.5000000000 6.9534666605 11.8234859200 21.6107442983
1.0000000000 78.0000000000 0.6775298320 0.1100000000 -0.1100000000 0.5000000000 6.6737944877 11.6863043121 21.6918475506
1.0000000000 79.0000000000 0.6806176345 0.1050000000 -0.1050000000 0.5000000000 6.3919821574 11.5516826837 21.7705659618
1.0000000000 80.0000000000 0.6837054371 0.1000000000 -0.1000000000 0.5000000000 6.1081534264 11.4199650582 21.8467418965
1.0000000000 81.0000000000 0.6867932397 0.0950000000 -0.0950000000 0.5000000000 5.8224405686 11.2915030400 21.9202229766
1.0000000000 82.0000000000 0.6898810423 0.0900000000 -0.0900000000 0.5000000000 5.5349860558 11.1666545708 21.9908623943
1.0000000000 83.0000000000 0.6929688449 0.0850000000 -0.0850000000 0.5000000000 5.2459448298 11.0457824736 22.0585192068
1.0000000000 84.0000000000 0.6960566475 0.0800000000 -0.0800000000 0.5000000000 4.9554874171 10.9292527731 22.1230586110
1.0000000000 85.0000000000 0.6991444501 0.0750000000 -0.0750000000 0.5000000000 4.6638042554 10.8174327821 22.1843522017
1.0000000000 86.0000000000 0.7022322527 0.0700000000 -0.0700000000 0.5000000000 4.3711118059 10.7106889549 22.2422782109
1.0000000000 87.0000000000 0.7053200553 0.0650000000 -0.0650000000 0.5000000000 4.0776613438 10.6093845074 22.2967217307
1.0000000000 88.0000000000 0.7084078578 0.0600000000 -0.0600000000 0.5000000000 3.7837518694 10.5138768174 22.3475749184
1.0000000000 89.0000000000 0.7114956604 0.0550000000 -0.0550000000 0.5000000000 3.4897495150 10.4245146235 22.3947371866
1.0000000000 90.0000000000 0.7145834630 0.0500000000 -0.0500000000 0.5000000000 3.1961175007 10.3416350520 22.4381153759
1.0000000000 91.0000000000 0.7176712656 0.0450000000 -0.0450000000 0.5000000000 2.9034637710 10.2655605111 22.4776239133
1.0000000000 92.0000000000 0.7207590682 0.0400000000 -0.0400000000 0.5000000000 2.6126193322 10.1965955016 22.5131849548
1.0000000000 93.0000000000 0.7238468708 0.0350000000 -0.0350000000 0.5000000000 2.3247719881 10.1350234033 22.5447285136
1.0000000000 94.0000000000 0.7269346734 0.0300000000 -0.0300000000 0.5000000000 2.0417041409 10.0811033035 22.5721925732
1.0000000000 95.0000000000 0.7300224760 0.0250000000 -0.0250000000 0.5000000000 1.7662337582 10.0350669437 22.5955231877
1.0000000000 96.0000000000 0.7331102786 0.0200000000 -0.0200000000 0.5000000000 1.5030626092 9.9971158598 22.6146745668
1.0000000000 97.0000000000 0.7361980812 0.0150000000 -0.0150000000 0.5000000000 1.2604282391 9.9674187962 22.6296091482
1.0000000000 98.0000000000 0.7392858837 0.0100000000 -0.0100000000 0.5000000000 1.0531022726 9.9461094674 22.6402976564
1.0000000000 99.0000000000 0.7423736863 0.0050000000 -0.0050000000 0.5000000000 0.9060605102 9.9332847383 22.6467191478
1.0000000000 100.0000000000 0.7454614889 0.0000000000 0.0000000000 0.5000000000 0.8513939956 9.9290032788 22.6488610433
2.0000000000 0.0000000000 0.7454614889 0.0000000000 0.0000000000 0.5000000000 0.8513939956 9.9290032788 22.6488610433
2.0000000000 1.0000000000 0.7485492915 0.0000000000 0.0000000000 0.4950000000 0.8531325046 9.9283134172 22.6472476400
2.0000000000 2.0000000000 0.7516370941 0.0000000000 0.0000000000 0.4900000000 0.8583197833 9.9262426418 22.6424048377
2.0000000000 3.0000000000 0.7547248967 0.0000000000 0.0000000000 0.4850000000 0.8668728001 9.9227873856 22.6343248695
2.0000000000 4.0000000000 0.7578126993 0.0000000000 0.0000000000 0.4800000000 0.8786586347 9.9179417190 22.6229948240
2.0000000000 5.0000000000 0.7609005019 0.0000000000 0.0000000000 0.4750000000 0.8935018728 9.9116973732 22.6083966961
2.0000000000 6.0000000000 0.7639883045 0.0000000000 0.0000000000 0.4700000000 0.9111935536 9.9040437722 22.5905074568
2.0000000000 7.0000000000 0.7670761070 0.0000000000 0.0000000000 0.4650000000 0.9315006620 9.8949680744 22.5692991434
2.0000000000 8.0000000000 0.7701639096 0.0000000000 0.0000000000 0.4600000000 0.9541752764 9.8844552221 22.5447389676
2.0000000000 9.0000000000 0.7732517122 0.0000000000 0.0000000000 0.4550000000 0.9789627200 9.8724880005 22.5167894431
2.0000000000 10.0000000000 0.7763395148 0.0000000000 0.0000000000 0.4500000000 1.0056083384 9.8590471037 22.4854085305
2.0000000000 11.0000000000 0.7794273174 0.0000000000 0.0000000000 0.4450000000 1.0338627688 9.8441112101 22.4505497997
2.0000000000 12.0000000000 0.7825151200 0.0000000000 0.0000000000 0.4400000000 1.0634857589 9.8276570637 22.4121626084
2.0000000000 13.0000000000 0.7856029226 0.0000000000 0.0000000000 0.4350000000 1.0942487035 9.8096595637 22.3701922967
2.0000000000 14.0000000000 0.7886907252 0.0000000000 0.0000000000 0.4300000000 1.1259361268 9.7900918604 22.3245803956
2.0000000000 15.0000000000 0.7917785278 0.0000000000 0.0000000000 0.4250000000 1.1583463447 9.7689254573 22.2752648503
2.0000000000 16.0000000000 0.7948663303 0.0000000000 0.0000000000 0.4200000000 1.1912915259 9.7461303192 22.2221802554
2.0000000000 17.0000000000 0.7979541329 0.0000000000 0.0000000000 0.4150000000 1.2245973340 9.7216749855 22.1652581020
2.0000000000 18.0000000000 0.8010419355 0.0000000000 0.0000000000 0.4100000000 1.2581023007 9.6955266882 22.1044270357
2.0000000000 19.0000000000 0.8041297381 0.0000000000 0.0000000000 0.4050000000 1.2916570420 9.6676514746 22.0396131241
2.0000000000 20.0000000000 0.8072175407 0.0000000000 0.0000000000 0.4000000000 1.3251233989 9.6380143337 21.9707401326
2.0000000000 21.0000000000 0.8103053433 0.0000000000 0.0000000000 0.3950000000 1.3583735612 9.6065793254 21.8977298075
2.0000000000 22.0000000000 0.8133931459 0.0000000000 0.0000000000 0.3900000000 1.3912892124 9.5733097132 21.8205021658
2.0000000000 23.0000000000 0.8164809485 0.0000000000 0.0000000000 0.3850000000 1.4237607191 9.5381680985 21.7389757894
2.0000000000 24.0000000000 0.8195687511 0.0000000000 0.0000000000 0.3800000000 1.4556863797 9.5011165576 21.6530681237
2.0000000000 25.0000000000 0.8226565537 0.0000000000 0.0000000000 0.3750000000 1.4869717370 9.4621167785 21.5626957793
2.0000000000 26.0000000000 0.8257443562 0.0000000000 0.0000000000 0.3700000000 1.5175289582 9.4211301999 21.4677748354
2.0000000000 27.0000000000 0.8288321588 0.0000000000 0.0000000000 0.3650000000 1.5472762793 9.3781181499 21.3682211434
2.0000000000 28.0000000000 0.8319199614 0.0000000000 0.0000000000 0.3600000000 1.5761375111 9.3330419839 21.2639506317
2.0000000000 29.0000000000 0.8350077640 0.0000000000 0.0000000000 0.3550000000 1.6040416015 9.2858632231 21.1548796079
2.0000000000 30.0000000000 0.8380955666 0.0000000000 0.0000000000 0.3500000000 1.6309222501 9.2365436912 21.0409250598
2.0000000000 31.0000000000 0.8411833692 0.0000000000 0.0000000000 0.3450000000 1.6567175686 9.1850456494 20.9220049529
2.0000000000 32.0000000000 0.8442711718 0.0000000000 0.0000000000 0.3400000000 1.6813697834 9.1313319306 20.7980385246
2.0000000000 33.0000000000 0.8473589744 0.0000000000 0.0000000000 0.3350000000 1.7048249746 9.0753660701 20.6689465733
2.0000000000 34.0000000000 0.8504467770 0.0000000000 0.0000000000 0.3300000000 1.7270328477 9.0171124349 20.5346517423
2.0000000000 35.0000000000 0.8535345795 0.0000000000 0.0000000000 0.3250000000 1.7479465332 8.9565363492 20.3950787974
2.0000000000 36.0000000000 0.8566223821 0.0000000000 0.0000000000 0.3200000000 1.7675224121 8.8936042175 20.2501548984
2.0000000000 37.0000000000 0.8597101847 0.0000000000 0.0000000000 0.3150000000 1.7857199621 8.8282836439 20.0998098621
2.0000000000 38.0000000000 0.8627979873 0.0000000000 0.0000000000 0.3100000000 1.8025016237 8.7605435475 19.9439764182
2.0000000000 39.0000000000 0.8658857899 0.0000000000 0.0000000000 0.3050000000 1.8178326818 8.6903542744 19.7825904568
2.0000000000 40.0000000000 0.8689735925 0.0000000000 0.0000000000 0.3000000000 1.8316811621 8.6176877054 19.6155912664
2.0000000000 41.0000000000 0.8720613951 0.0000000000 0.0000000000 0.2950000000 1.8440177400 8.5425173591 19.4429217631
2.0000000000 42.0000000000 0.8751491977 0.0000000000 0.0000000000 0.2900000000 1.8548156591 8.4648184907 19.2645287096
2.0000000000 43.0000000000 0.8782370003 0.0000000000 0.0000000000 0.2850000000 1.8640506602 8.3845681866 19.0803629247
2.0000000000 44.0000000000 0.8813248029 0.0000000000 0.0000000000 0.2800000000 1.8717009171 8.3017454535 18.8903794819
2.0000000000 45.0000000000 0.8844126054 0.0000000000 0.0000000000 0.2750000000 1.8777469795 8.2163313033 18.6945378977
2.0000000000 46.0000000000 0.8875004080 0.0000000000 0.0000000000 0.2700000000 1.8821717215 8.1283088327 18.4928023093
2.0000000000 47.0000000000 0.8905882106 0.0000000000 0.0000000000 0.2650000000 1.8849602953 8.0376632980 18.2851416408
2.0000000000 48.0000000000 0.8936760132 0.0000000000 0.0000000000 0.2600000000 1.8861000883 7.9443821848 18.0715297587
2.0000000000 49.0000000000 0.8967638158 0.0000000000 0.0000000000 0.2550000000 1.8855806842 7.8484552721 17.8519456158
2.0000000000 50.0000000000 0.8998516184 0.0000000000 0.0000000000 0.2500000000 1.8833938265 7.7498746925 17.6263733844
2.0000000000 51.0000000000 0.9029394210 0.0000000000 0.0000000000 0.2450000000 1.8795333849 7.6486349855 17.3948025774
2.0000000000 52.0000000000 0.9060272236 0.0000000000 0.0000000000 0.2400000000 1.8739953229 7.5447331475 17.1572281588
2.0000000000 53.0000000000 0.9091150262 0.0000000000 0.0000000000 0.2350000000 1.8667776671 7.4381686750 16.9136506416
2.0000000000 54.0000000000 0.9122028287 0.0000000000 0.0000000000 0.2300000000 1.8578804780 7.3289436039 16.6640761763
2.0000000000 55.0000000000 0.9152906313 0.0000000000 0.0000000000 0.2250000000 1.8473058211 7.2170625430 16.4085166259
2.0000000000 56.0000000000 0.9183784339 0.0000000000 0.0000000000 0.2200000000 1.8350577387 7.1025327027 16.1469896314
2.0000000000 57.0000000000 0.9214662365 0.0000000000 0.0000000000 0.2150000000 1.8211422223 6.9853639186 15.8795186653
2.0000000000 58.0000000000 0.9245540391 0.0000000000 0.0000000000 0.2100000000 1.8055671849 6.8655686703 15.6061330743
2.0000000000 59.0000000000 0.9276418417 0.0000000000 0.0000000000 0.2050000000 1.7883424331 6.7431620949 15.3268681112
2.0000000000 60.0000000000 0.9307296443 0.0000000000 0.0000000000 0.2000000000 1.7694796395 6.6181619962 15.0417649557
2.0000000000 61.0000000000 0.9338174469 0.0000000000 0.0000000000 0.1950000000 1.7489923141 6.4905888488 14.7508707250
2.0000000000 62.0000000000 0.9369052495 0.0000000000 0.0000000000 0.1900000000 1.7268957757 6.3604657973 14.4542384736
2.0000000000 63.0000000000 0.9399930520 0.0000000000 0.0000000000 0.1850000000 1.7032071225 6.2278186516 14.1519271830
2.0000000000 64.0000000000 0.9430808546 0.0000000000 0.0000000000 0.1800000000 1.6779452026 6.0926758768 13.8440017416
2.0000000000 65.0000000000 0.9461686572 0.0000000000 0.0000000000 0.1750000000 1.6511305828 5.9550685794 13.5305329139
2.0000000000 66.0000000000 0.9492564598 0.0000000000 0.0000000000 0.1700000000 1.6227855173 5.8150304886 13.2115973006
2.0000000000 67.0000000000 0.9523442624 0.0000000000 0.0000000000 0.1650000000 1.5929339156 5.6725979340 12.8872772894
2.0000000000 68.0000000000 0.9554320650 0.0000000000 0.0000000000 0.1600000000 1.5616013094 5.5278098183 12.5576609960
2.0000000000 69.0000000000 0.9585198676 0.0000000000 0.0000000000 0.1550000000 1.5288148182 5.3807075867 12.2228421960
2.0000000000 70.0000000000 0.9616076702 0.0000000000 0.0000000000 0.1500000000 1.4946031144 5.2313351920 11.8829202488
2.0000000000 71.0000000000 0.9646954728 0.0000000000 0.0000000000 0.1450000000 1.4589963878 5.0797390561 11.5380000120
2.0000000000 72.0000000000 0.9677832754 0.0000000000 0.0000000000 0.1400000000 1.4220263078 4.9259680273 11.1881917478
2.0000000000 73.0000000000 0.9708710779 0.0000000000 0.0000000000 0.1350000000 1.3837259862 4.7700733347 10.8336110213
2.0000000000 74.0000000000 0.9739588805 0.0000000000 0.0000000000 0.1300000000 1.3441299380 4.6121085383 10.4743785912
2.0000000000 75.0000000000 0.9770466831 0.0000000000 0.0000000000 0.1250000000 1.3032740414 4.4521294764 10.1106202922
2.0000000000 76.0000000000 0.9801344857 0.0000000000 0.0000000000 0.1200000000 1.2611954971 4.2901942094 9.7424669108
2.0000000000 77.0000000000 0.9832222883 0.0000000000 0.0000000000 0.1150000000 1.2179327865 4.1263629604 9.3700540534
2.0000000000 78.0000000000 0.9863100909 0.0000000000 0.0000000000 0.1100000000 1.1735256285 3.9606980528 8.9935220079
2.0000000000 79.0000000000 0.9893978935 0.0000000000 0.0000000000 0.1050000000 1.1280149363 3.7932638448 8.6130155987
2.0000000000 80.0000000000 0.9924856961 0.0000000000 0.0000000000 0.1000000000 1.0814427721 3.6241266619 8.2286840349
2.0000000000 81.0000000000 0.9955734987 0.0000000000 0.0000000000 0.0950000000 1.0338523022 3.4533547252 7.8406807533
2.0000000000 82.0000000000 0.9986613012 0.0000000000 0.0000000000 0.0900000000 0.9852877499 3.2810180788 7.4491632548
2.0000000000 83.0000000000 1.0017491038 0.0000000000 0.0000000000 0.0850000000 0.9357943488 3.1071885133 7.0542929355
2.0000000000 84.0000000000 1.0048369064 0.0000000000 0.0000000000 0.0800000000 0.8854182941 2.9319394881 6.6562349130
2.0000000000 85.0000000000 1.0079247090 0.0000000000 0.0000000000 0.0750000000 0.8342066942 2.7553460505 6.2551578469
2.0000000000 86.0000000000 1.0110125116 0.0000000000 0.0000000000 0.0700000000 0.7822075207 2.5774847538 5.8512337551
2.0000000000 87.0000000000 1.0141003142 0.0000000000 0.0000000000 0.0650000000 0.7294695585 2.3984335719 5.4446378258
2.0000000000 88.0000000000 1.0171881168 0.0000000000 0.0000000000 0.0600000000 0.6760423539 2.2182718141 5.0355482247
2.0000000000 89.0000000000 1.0202759194 0.0000000000 0.0000000000 0.0550000000 0.6219761641 2.0370800358 4.6241458989
2.0000000000 90.0000000000 1.0233637220 0.0000000000 0.0000000000 0.0500000000 0.5673219038 1.8549399499 4.2106143769
2.0000000000 91.0000000000 1.0264515246 0.0000000000 0.0000000000 0.0450000000 0.5121310931 1.6719343348 3.7951395653
2.0000000000 92.0000000000 1.0295393271 0.0000000000 0.0000000000 0.0400000000 0.4564558038 1.4881469423 3.3779095421
2.0000000000 93.0000000000 1.0326271297 0.0000000000 0.0000000000 0.0350000000 0.4003486059 1.3036624037 2.9591143482
2.0000000000 94.0000000000 1.0357149323 0.0000000000 0.0000000000 0.0300000000 0.3438625129 1.1185661348 2.5389457749
2.0000000000 95.0000000000 1.0388027349 0.0000000000 0.0000000000 0.0250000000 0.2870509274 0.9329442403 2.1175971507
2.0000000000 96.0000000000 1.0418905375 0.0000000000 0.0000000000 0.0200000000 0.2299675865 0.7468834166 1.6952631247
2.0000000000 97.0000000000 1.0449783401 0.0000000000 0.0000000000 0.0150000000 0.1726665058 0.5604708546 1.2721394497
2.0000000000 98.0000000000 1.0480661427 0.0000000000 0.0000000000 0.0100000000 0.1152019245 0.3737941416 0.8484227625
2.0000000000 99.0000000000 1.0511539453 0.0000000000 0.0000000000 0.0050000000 0.0576282497 0.1869411622 0.4243103644
2.0000000000 100.0000000000 1.0542417479 0.0000000000 0.0000000000 0.0000000000 0.0000001523 0.0000002248 0.0000002791
3.0000000000 0.0000000000 1.0542417479 0.0000000000 0.0000000000 0.0000000000 0.0000001523 0.0000002248 0.0000002791
3.0000000000 1.0000000000 1.0580235182 0.0025000000 0.0025000000 0.0025000000 0.1442192141 0.1442192141 0.5346337655
3.0000000000 2.0000000000 1.0618052886 0.0050000000 0.0050000000 0.0050000000 0.2884565263 0.2884565263 1.0688026526
3.0000000000 3.0000000000 1.0655870590 0.0075000000 0.0075000000 0.0075000000 0.4327299735 0.4327299735 1.6020428575
3.0000000000 4.0000000000 1.0693688294 0.0100000000 0.0100000000 0.0100000000 0.5770574712 0.5770574712 2.1338927210
3.0000000000 5.0000000000 1.0731505998 0.0125000000 0.0125000000 0.0125000000 0.7214567557 0.7214567557 2.6638937922
3.0000000000 6.0000000000 1.0769323702 0.0150000000 0.0150000000 0.0150000000 0.8659453303 0.8659453303 3.1915918813
3.0000000000 7.0000000000 1.0807141406 0.0175000000 0.0175000000 0.0175000000 1.0105404151 1.0105404151 3.7165380974
3.0000000000 8.0000000000 1.0844959109 0.0200000000 0.0200000000 0.0200000000 1.1552589035 1.1552589035 4.2382898688
3.0000000000 9.0000000000 1.0882776813 0.0225000000 0.0225000000 0.0225000000 1.3001173245 1.3001173245 4.7564119417
3.0000000000 10.0000000000 1.0920594517 0.0250000000 0.0250000000 0.0250000000 1.4451318126 1.4451318126 5.2704773535
3.0000000000 11.0000000000 1.0958412221 0.0275000000 0.0275000000 0.0275000000 1.5903180861 1.5903180861 5.7800683785
3.0000000000 12.0000000000 1.0996229925 0.0300000000 0.0300000000 0.0300000000 1.7356914336 1.7356914336 6.2847774405
3.0000000000 13.0000000000 1.1034047629 0.0325000000 0.0325000000 0.0325000000 1.8812667098 1.8812667098 6.7842079914
3.0000000000 14.0000000000 1.1071865332 0.0350000000 0.0350000000 0.0350000000 2.0270583414 2.0270583414 7.2779753498
3.0000000000 15.0000000000 1.1109683036 0.0375000000 0.0375000000 0.0375000000 2.1730803418 2.1730803418 7.7657074995
3.0000000000 16.0000000000 1.1147500740 0.0400000000 0.0400000000 0.0400000000 2.3193463359 2.3193463359 8.2470458416
3.0000000000 17.0000000000 1.1185318444 0.0425000000 0.0425000000 0.0425000000 2.4658695947 2.4658695947 8.7216458994
3.0000000000 18.0000000000 1.1223136148 0.0450000000 0.0450000000 0.0450000000 2.6126630787 2.6126630787 9.1891779724
3.0000000000 19.0000000000 1.1260953852 0.0475000000 0.0475000000 0.0475000000 2.7597394905 2.7597394905 9.6493277359
3.0000000000 20.0000000000 1.1298771556 0.0500000000 0.0500000000 0.0500000000 2.9071113356 2.9071113356 10.1017967846
3.0000000000 21.0000000000 1.1336589259 0.0525000000 0.0525000000 0.0525000000 3.0547909902 3.0547909902 10.5463031169
3.0000000000 22.0000000000 1.1374406963 0.0550000000 0.0550000000 0.0550000000 3.2027907762 3.2027907762 10.9825815580
3.0000000000 23.0000000000 1.1412224667 0.0575000000 0.0575000000 0.0575000000 3.3511230417 3.3511230417 11.4103841179
3.0000000000 24.0000000000 1.1450042371 0.0600000000 0.0600000000 0.0600000000 3.4998002452 3.4998002452 11.8294802855
3.0000000000 25.0000000000 1.1487860075 0.0625000000 0.0625000000 0.0625000000 3.6488350438 3.6488350438 12.2396572525
3.0000000000 26.0000000000 1.1525677779 0.0650000000 0.0650000000 0.0650000000 3.7982403825 3.7982403825 12.6407200694
3.0000000000 27.0000000000 1.1563495483 0.0675000000 0.0675000000 0.0675000000 3.9480295841 3.9480295841 13.0324917295
3.0000000000 28.0000000000 1.1601313186 0.0700000000 0.0700000000 0.0700000000 4.0982164379 4.0982164379 13.4148131811
3.0000000000 29.0000000000 1.1639130890 0.0725000000 0.0725000000 0.0725000000 4.2488152849 4.2488152849 13.7875432654
3.0000000000 30.0000000000 1.1676948594 0.0750000000 0.0750000000 0.0750000000 4.3998410993 4.3998410993 14.1505585821
3.0000000000 31.0000000000 1.1714766298 0.0775000000 0.0775000000 0.0775000000 4.5513095633 4.5513095633 14.5037532785
3.0000000000 32.0000000000 1.1752584002 0.0800000000 0.0800000000 0.0800000000 4.7032371341 4.7032371341 14.8470387660
3.0000000000 33.0000000000 1.1790401706 0.0825000000 0.0825000000 0.0825000000 4.8556411014 4.8556411014 15.1803433610
3.0000000000 34.0000000000 1.1828219410 0.0850000000 0.0850000000 0.0850000000 5.0085396337 5.0085396337 15.5036118535
3.0000000000 35.0000000000 1.1866037113 0.0875000000 0.0875000000 0.0875000000 5.1619518117 5.1619518117 15.8168050022
3.0000000000 36.0000000000 1.1903854817 0.0900000000 0.0900000000 0.0900000000 5.3158976481 5.3158976481 16.1198989594
3.0000000000 37.0000000000 1.1941672521 0.0925000000 0.0925000000 0.0925000000 5.4703980903 5.4703980903 16.4128846267
3.0000000000 38.0000000000 1.1979490225 0.0950000000 0.0950000000 0.0950000000 5.6254750079 5.6254750079 16.6957669434
3.0000000000 39.0000000000 1.2017307929 0.0975000000 0.0975000000 0.0975000000 5.7811511606 5.7811511606 16.9685641117
3.0000000000 40.0000000000 1.2055125633 0.1000000000 0.1000000000 0.1000000000 5.9374501478 5.9374501478 17.2313067612
3.0000000000 41.0000000000 1.2092943336 0.1025000000 0.1025000000 0.1025000000 6.0943963377 6.0943963377 17.4840370559
3.0000000000 42.0000000000 1.2130761040 0.1050000000 0.1050000000 0.1050000000 6.2520147759 6.2520147759 17.7268077495
3.0000000000 43.0000000000 1.2168578744 0.1075000000 0.1075000000 0.1075000000 6.4103310732 6.4103310732 17.9596811924
3.0000000000 44.0000000000 1.2206396448 0.1100000000 0.1100000000 0.1100000000 6.5693712713 6.5693712713 18.1827282956
3.0000000000 45.0000000000 1.2244214152 0.1125000000 0.1125000000 0.1125000000 6.7291616878 6.7291616878 18.3960274589
3.0000000000 46.0000000000 1.2282031856 0.1150000000 0.1150000000 0.1150000000 6.8897287399 6.8897287399 18.5996634672
3.0000000000 47.0000000000 1.2319849560 0.1175000000 0.1175000000 0.1175000000 7.0510987469 7.0510987469 18.7937263629
3.0000000000 48.0000000000 1.2357667263 0.1200000000 0.1200000000 0.1200000000 7.2132977133 7.2132977133 18.9783103015
3.0000000000 49.0000000000 1.2395484967 0.1225000000 0.1225000000 0.1225000000 7.3763510927 7.3763510927 19.1535123965
3.0000000000 50.0000000000 1.2433302671 0.1250000000 0.1250000000 0.1250000000 7.5402835334 7.5402835334 19.3194315630
3.0000000000 51.0000000000 1.2471120375 0.1275000000 0.1275000000 0.1275000000 7.7051186083 7.7051186083 19.4761673660
3.0000000000 52.0000000000 1.2508938079 0.1300000000 0.1300000000 0.1300000000 7.8708785294 7.8708785294 19.6238188830
3.0000000000 53.0000000000 1.2546755783 0.1325000000 0.1325000000 0.1325000000 8.0375838495 8.0375838495 19.7624835883
3.0000000000 54.0000000000 1.2584573487 0.1350000000 0.1350000000 0.1350000000 8.2052531533 8.2052531533 19.8922562678
3.0000000000 55.0000000000 1.2622391190 0.1375000000 0.1375000000 0.1375000000 8.3739027397 8.3739027397 20.0132279718
3.0000000000 56.0000000000 1.2660208894 0.1400000000 0.1400000000 0.1400000000 8.5435462976 8.5435462976 20.1254850152
3.0000000000 57.0000000000 1.2698026598 0.1425000000 0.1425000000 0.1425000000 8.7141945785 8.7141945785 20.2291080314
3.0000000000 58.0000000000 1.2735844302 0.1450000000 0.1450000000 0.1450000000 8.8858550676 8.8858550676 20.3241710892
3.0000000000 59.0000000000 1.2773662006 0.1475000000 0.1475000000 0.1475000000 9.0585316567 9.0585316567 20.4107408787
3.0000000000 60.0000000000 1.2811479710 0.1500000000 0.1500000000 0.1500000000 9.2322243215 9.2322243215 20.4888759746
3.0000000000 61.0000000000 1.2849297414 0.1525000000 0.1525000000 0.1525000000 9.4069288060 9.4069288060 20.5586261814
3.0000000000 62.0000000000 1.2887115117 0.1550000000 0.1550000000 0.1550000000 9.5826363164 9.5826363164 20.6200319671
3.0000000000 63.0000000000 1.2924932821 0.1575000000 0.1575000000 0.1575000000 9.7593332286 9.7593332286 20.6731239917
3.0000000000 64.0000000000 1.2962750525 0.1600000000 0.1600000000 0.1600000000 9.9370008101 9.9370008101 20.7179227319
3.0000000000 65.0000000000 1.3000568229 0.1625000000 0.1625000000 0.1625000000 10.1156149595 10.1156149595 20.7544382082
3.0000000000 66.0000000000 1.3038385933 0.1650000000 0.1650000000 0.1650000000 10.2951459673 10.2951459673 20.7826698162
3.0000000000 67.0000000000 1.3076203637 0.1675000000 0.1675000000 0.1675000000 10.4755582980 10.4755582980 20.8026062625
3.0000000000 68.0000000000 1.3114021340 0.1700000000 0.1700000000 0.1700000000 10.6568103973 10.6568103973 20.8142256085
3.0000000000 69.0000000000 1.3151839044 0.1725000000 0.1725000000 0.1725000000 10.8388545259 10.8388545259 20.8174954203
3.0000000000 70.0000000000 1.3189656748 0.1750000000 0.1750000000 0.1750000000 11.0216366206 11.0216366206 20.8123730242
3.0000000000 71.0000000000 1.3227474452 0.1775000000 0.1775000000 0.1775000000 11.2050961863 11.2050961863 20.7988058663
3.0000000000 72.0000000000 1.3265292156 0.1800000000 0.1800000000 0.1800000000 11.3891662177 11.3891662177 20.7767319734
3.0000000000 73.0000000000 1.3303109860 0.1825000000 0.1825000000 0.1825000000 11.5737731532 11.5737731532 20.7460805117
3.0000000000 74.0000000000 1.3340927564 0.1850000000 0.1850000000 0.1850000000 11.7588368621 11.7588368621 20.7067724390
3.0000000000 75.0000000000 1.3378745267 0.1875000000 0.1875000000 0.1875000000 11.9442706637 11.9442706637 20.6587212462
3.0000000000 76.0000000000 1.3416562971 0.1900000000 0.1900000000 0.1900000000 12.1299813812 12.1299813812 20.6018337814
3.0000000000 77.0000000000 1.3454380675 0.1925000000 0.1925000000 0.1925000000 12.3158694283 12.3158694283 20.5360111522
3.0000000000 78.0000000000 1.3492198379 0.1950000000 0.1950000000 0.1950000000 12.5018289296 12.5018289296 20.4611496980
3.0000000000 79.0000000000 1.3530016083 0.1975000000 0.1975000000 0.1975000000 12.6877478745 12.6877478745 20.3771420273
3.0000000000 80.0000000000 1.3567833787 0.2000000000 0.2000000000 0.2000000000 12.8735083025 12.8735083025 20.2838781116
3.0000000000 81.0000000000 1.3605651491 0.2025000000 0.2025000000 0.2025000000 13.0589865218 13.0589865218 20.1812464294
3.0000000000 82.0000000000 1.3643469194 0.2050000000 0.2050000000 0.2050000000 13.2440533583 13.2440533583 20.0691351527
3.0000000000 83.0000000000 1.3681286898 0.2075000000 0.2075000000 0.2075000000 13.4285744339 13.4285744339 19.9474333696
3.0000000000 84.0000000000 1.3719104602 0.2100000000 0.2100000000 0.2100000000 13.6124104748 13.6124104748 19.8160323342
3.0000000000 85.0000000000 1.3756922306 0.2125000000 0.2125000000 0.2125000000 13.7954176465 13.7954176465 19.6748267392
3.0000000000 86.0000000000 1.3794740010 0.2150000000 0.2150000000 0.2150000000 13.9774479149 13.9774479149 19.5237160026
3.0000000000 87.0000000000 1.3832557714 0.2175000000 0.2175000000 0.2175000000 14.1583494327 14.1583494327 19.3626055637
3.0000000000 88.0000000000 1.3870375418 0.2200000000 0.2200000000 0.2200000000 14.3379669477 14.3379669477 19.1914081825
3.0000000000 89.0000000000 1.3908193121 0.2225000000 0.2225000000 0.2225000000 14.5161422334 14.5161422334 19.0100452364
3.0000000000 90.0000000000 1.3946010825 0.2250000000 0.2250000000 0.2250000000 14.6927145388 14.6927145388 18.8184480115
3.0000000000 91.0000000000 1.3983828529 0.2275000000 0.2275000000 0.2275000000 14.8675210564 14.8675210564 18.6165589837
3.0000000000 92.0000000000 1.4021646233 0.2300000000 0.2300000000 0.2300000000 15.0403974064 15.0403974064 18.4043330871
3.0000000000 93.0000000000 1.4059463937 0.2325000000 0.2325000000 0.2325000000 15.2111781344 15.2111781344 18.1817389683
3.0000000000 94.0000000000 1.4097281641 0.2350000000 0.2350000000 0.2350000000 15.3796972233 15.3796972233 17.9487602250
3.0000000000 95.0000000000 1.4135099344 0.2375000000 0.2375000000 0.2375000000 15.5457886142 15.5457886142 17.7053966311
3.0000000000 96.0000000000 1.4172917048 0.2400000000 0.2400000000 0.2400000000 15.7092867374 15.7092867374 17.4516653489
3.0000000000 97.0000000000 1.4210734752 0.2425000000 0.2425000000 0.2425000000 15.8700270501 15.8700270501 17.1876021318
3.0000000000 98.0000000000 1.4248552456 0.2450000000 0.2450000000 0.2450000000 16.0278465793 16.0278465793 16.9132625251
3.0000000000 99.0000000000 1.4286370160 0.2475000000 0.2475000000 0.2475000000 16.1825844683 16.1825844683 16.6287230704
3.0000000000 100.0000000000 1.4324187864 0.2500000000 0.2500000000 0.2500000000 16.3340825246 16.3340825246 16.3340825246
4.0000000000 0.0000000000 1.4324187864 0.2500000000 0.2500000000 0.2500000000 16.3340825246 16.3340825246 16.3340825246
4.0000000000 1.0000000000 1.4362005568 0.2525000000 0.2425000000 0.2525000000 16.0294631075 16.4821857689 16.4821857689
4.0000000000 2.0000000000 1.4399823271 0.2550000000 0.2350000000 0.2550000000 15.7150117941 16.6267429805 16.6267429805
4.0000000000 3.0000000000 1.4437640975 0.2575000000 0.2275000000 0.2575000000 15.3909016737 16.7676072405 16.7676072405
4.0000000000 4.0000000000 1.4475458679 0.2600000000 0.2200000000 0.2600000000 15.0573334021 16.9046364697 16.9046364697
4.0000000000 5.0000000000 1.4513276383 0.2625000000 0.2125000000 0.2625000000 14.7145367810 17.0376939585 17.0376939585
4.0000000000 6.0000000000 1.4551094087 0.2650000000 0.2050000000 0.2650000000 14.3627725062 17.1666488897 17.1666488897
4.0000000000 7.0000000000 1.4588911791 0.2675000000 0.1975000000 0.2675000000 14.0023341364 17.2913768493 17.2913768493
4.0000000000 8.0000000000 1.4626729495 0.2700000000 0.1900000000 0.2700000000 13.6335503482 17.4117603271 17.4117603271
4.0000000000 9.0000000000 1.4664547198 0.2725000000 0.1825000000 0.2725000000 13.2567875594 17.5276892021 17.5276892021
4.0000000000 10.0000000000 1.4702364902 0.2750000000 0.1750000000 0.2750000000 12.8724530217 17.6390612141 17.6390612141
4.0000000000 11.0000000000 1.4740182606 0.2775000000 0.1675000000 0.2775000000 12.4809985136 17.7457824170 17.7457824170
4.0000000000 12.0000000000 1.4778000310 0.2800000000 0.1600000000 0.2800000000 12.0829247955 17.8477676149 17.8477676149
4.0000000000 13.0000000000 1.4815818014 0.2825000000 0.1525000000 0.2825000000 11.6787870358 17.9449407773 17.9449407773
4.0000000000 14.0000000000 1.4853635718 0.2850000000 0.1450000000 0.2850000000 11.2692014715 18.0372354325 18.0372354325
4.0000000000 15.0000000000 1.4891453422 0.2875000000 0.1375000000 0.2875000000 10.8548536390 18.1245950385 18.1245950385
4.0000000000 16.0000000000 1.4929271125 0.2900000000 0.1300000000 0.2900000000 10.4365086084 18.2069733276 18.2069733276
4.0000000000 17.0000000000 1.4967088829 0.2925000000 0.1225000000 0.2925000000 10.0150237681 18.2843346253 18.2843346253
4.0000000000 18.0000000000 1.5004906533 0.2950000000 0.1150000000 0.2950000000 9.5913648629 18.3566541403 18.3566541403
4.0000000000 19.0000000000 1.5042724237 0.2975000000 0.1075000000 0.2975000000 9.1666261720 18.4239182251 18.4239182251
4.0000000000 20.0000000000 1.5080541941 0.3000000000 0.1000000000 0.3000000000 8.7420559396 18.4861246041 18.4861246041
4.0000000000 21.0000000000 1.5118359645 0.3025000000 0.0925000000 0.3025000000 8.3190884215 18.5432825690 18.5432825690
4.0000000000 22.0000000000 1.5156177348 0.3050000000 0.0850000000 0.3050000000 7.8993841642 18.5954131388 18.5954131388
4.0000000000 23.0000000000 1.5193995052 0.3075000000 0.0775000000 0.3075000000 7.4848803141 18.6425491829 18.6425491829
4.0000000000 24.0000000000 1.5231812756 0.3100000000 0.0700000000 0.3100000000 7.0778527018 18.6847355062 18.6847355062
4.0000000000 25.0000000000 1.5269630460 0.3125000000 0.0625000000 0.3125000000 6.6809908710 18.7220288930 18.7220288930
4.0000000000 26.0000000000 1.5307448164 0.3150000000 0.0550000000 0.3150000000 6.2974855421 18.7544981100 18.7544981100
4.0000000000 27.0000000000 1.5345265868 0.3175000000 0.0475000000 0.3175000000 5.9311242868 18.7822238648 18.7822238648
4.0000000000 28.0000000000 1.5383083572 0.3200000000 0.0400000000 0.3200000000 5.5863840221 18.8052987195 18.8052987195
4.0000000000 29.0000000000 1.5420901275 0.3225000000 0.0325000000 0.3225000000 5.2684966756 18.8238269571 18.8238269571
4.0000000000 30.0000000000 1.5458718979 0.3250000000 0.0250000000 0.3250000000 4.9834462700 18.8379243994 18.8379243994
4.0000000000 31.0000000000 1.5496536683 0.3275000000 0.0175000000 0.3275000000 4.7378348065 18.8477181747 18.8477181747
4.0000000000 32.0000000000 1.5534354387 0.3300000000 0.0100000000 0.3300000000 4.5385425303 18.8533464343 18.8533464343
4.0000000000 33.0000000000 1.5572172091 0.3325000000 0.0025000000 0.3325000000 4.3921295103 18.8549580154 18.8549580154
4.0000000000 34.0000000000 1.5609989795 0.3350000000 -0.0050000000 0.3350000000 4.3040070455 18.8527120511 18.8527120511
4.0000000000 35.0000000000 1.5647807499 0.3375000000 -0.0125000000 0.3375000000 4.2775456792 18.8467775241 18.8467775241
4.0000000000 36.0000000000 1.5685625202 0.3400000000 -0.0200000000 0.3400000000 4.3134079646 18.8373327662 18.8373327662
4.0000000000 37.0000000000 1.5723442906 0.3425000000 -0.0275000000 0.3425000000 4.4093793072 18.8245649002 18.8245649002
4.0000000000 38.0000000000 1.5761260610 0.3450000000 -0.0350000000 0.3450000000 4.5607757911 18.8086692263 18.8086692263
4.0000000000 39.0000000000 1.5799078314 0.3475000000 -0.0425000000 0.3475000000 4.7612547319 18.7898485517 18.7898485517
4.0000000000 40.0000000000 1.5836896018 0.3500000000 -0.0500000000 0.3500000000 5.0037239048 18.7683124646 18.7683124646
4.0000000000 41.0000000000 1.5874713722 0.3525000000 -0.0575000000 0.3525000000 5.2810974118 18.7442765540 18.7442765540
4.0000000000 42.0000000000 1.5912531426 0.3550000000 -0.0650000000 0.3550000000 5.5867896029 18.7179615753 18.7179615753
4.0000000000 43.0000000000 1.5950349129 0.3575000000 -0.0725000000 0.3575000000 5.9149605284 18.6895925659 18.6895925659
4.0000000000 44.0000000000 1.5988166833 0.3600000000 -0.0800000000 0.3600000000 6.2605825616 18.6593979112 18.6593979112
4.0000000000 45.0000000000 1.6025984537 0.3625000000 -0.0875000000 0.3625000000 6.6194022135 18.6276083659 18.6276083659
4.0000000000 46.0000000000 1.6063802241 0.3650000000 -0.0950000000 0.3650000000 6.9878528630 18.5944560347 18.5944560347
4.0000000000 47.0000000000 1.6101619945 0.3675000000 -0.1025000000 0.3675000000 7.3629528970 18.5601733154 18.5601733154
4.0000000000 48.0000000000 1.6139437649 0.3700000000 -0.1100000000 0.3700000000 7.7422074779 18.5249918115 18.5249918115
4.0000000000 49.0000000000 1.6177255353 0.3725000000 -0.1175000000 0.3725000000 8.1235218800 18.4891412203 18.4891412203
4.0000000000 50.0000000000 1.6215073056 0.3750000000 -0.1250000000 0.3750000000 8.5051286461 18.4528482030 18.4528482030
4.0000000000 51.0000000000 1.6252890760 0.3775000000 -0.1325000000 0.3775000000 8.8855280426 18.4163352439 18.4163352439
4.0000000000 52.0000000000 1.6290708464 0.3800000000 -0.1400000000 0.3800000000 9.2634401616 18.3798195093 18.3798195093
4.0000000000 53.0000000000 1.6328526168 0.3825000000 -0.1475000000 0.3825000000 9.6377667236 18.3435117127 18.3435117127
4.0000000000 54.0000000000 1.6366343872 0.3850000000 -0.1550000000 0.3850000000 10.0075607395 18.3076149971 18.3076149971
4.0000000000 55.0000000000 1.6404161576 0.3875000000 -0.1625000000 0.3875000000 10.3720024317 18.2723238445 18.2723238445
4.0000000000 56.0000000000 1.6441979279 0.3900000000 -0.1700000000 0.3900000000 10.7303800933 18.2378230229 18.2378230229
4.0000000000 57.0000000000 1.6479796983 0.3925000000 -0.1775000000 0.3925000000 11.0820748244 18.2042865808 18.2042865808
4.0000000000 58.0000000000 1.6517614687 0.3950000000 -0.1850000000 0.3950000000 11.4265483026 18.1718769012 18.1718769012
4.0000000000 59.0000000000 1.6555432391 0.3975000000 -0.1925000000 0.3975000000 11.7633329288 18.1407438241 18.1407438241
4.0000000000 60.0000000000 1.6593250095 0.4000000000 -0.2000000000 0.4000000000 12.0920238294 18.1110238484 18.1110238484
4.0000000000 61.0000000000 1.6631067799 0.4025000000 -0.2075000000 0.4025000000 12.4122723120 18.0828394238 18.0828394238
4.0000000000 62.0000000000 1.6668885503 0.4050000000 -0.2150000000 0.4050000000 12.7237804596 18.0562983398 18.0562983398
4.0000000000 63.0000000000 1.6706703206 0.4075000000 -0.2225000000 0.4075000000 13.0262966136 18.0314932214 18.0314932214
4.0000000000 64.0000000000 1.6744520910 0.4100000000 -0.2300000000 0.4100000000 13.3196115538 18.0085011383 18.0085011383
4.0000000000 65.0000000000 1.6782338614 0.4125000000 -0.2375000000 0.4125000000 13.6035552198 17.9873833331 17.9873833331
4.0000000000 66.0000000000 1.6820156318 0.4150000000 -0.2450000000 0.4150000000 13.8779938545 17.9681850729 17.9681850729
4.0000000000 67.0000000000 1.6857974022 0.4175000000 -0.2525000000 0.4175000000 14.1428274722 17.9509356282 17.9509356282
4.0000000000 68.0000000000 1.6895791726 0.4200000000 -0.2600000000 0.4200000000 14.3979875746 17.9356483794 17.9356483794
4.0000000000 69.0000000000 1.6933609430 0.4225000000 -0.2675000000 0.4225000000 14.6434350548 17.9223210512 17.9223210512
4.0000000000 70.0000000000 1.6971427133 0.4250000000 -0.2750000000 0.4250000000 14.8791582393 17.9109360741 17.9109360741
4.0000000000 71.0000000000 1.7009244837 0.4275000000 -0.2825000000 0.4275000000 15.1051710297 17.9014610672 17.9014610672
4.0000000000 72.0000000000 1.7047062541 0.4300000000 -0.2900000000 0.4300000000 15.3215111131 17.8938494408 17.8938494408
4.0000000000 73.0000000000 1.7084880245 0.4325000000 -0.2975000000 0.4325000000 15.5282382165 17.8880411095 17.8880411095
4.0000000000 74.0000000000 1.7122697949 0.4350000000 -0.3050000000 0.4350000000 15.7254323859 17.8839633099 17.8839633099
4.0000000000 75.0000000000 1.7160515653 0.4375000000 -0.3125000000 0.4375000000 15.9131922766 17.8815315133 17.8815315133
4.0000000000 76.0000000000 1.7198333357 0.4400000000 -0.3200000000 0.4400000000 16.0916334419 17.8806504247 17.8806504247
4.0000000000 77.0000000000 1.7236151060 0.4425000000 -0.3275000000 0.4425000000 16.2608866149 17.8812150565 17.8812150565
4.0000000000 78.0000000000 1.7273968764 0.4450000000 -0.3350000000 0.4450000000 16.4210959758 17.8831118658 17.8831118658
4.0000000000 79.0000000000 1.7311786468 0.4475000000 -0.3425000000 0.4475000000 16.5724174052 17.8862199450 17.8862199450
4.0000000000 80.0000000000 1.7349604172 0.4500000000 -0.3500000000 0.4500000000 16.7150167208 17.8904122525 17.8904122525
4.0000000000 81.0000000000 1.7387421876 0.4525000000 -0.3575000000 0.4525000000 16.8490679000 17.8955568722 17.8955568722
4.0000000000 82.0000000000 1.7425239580 0.4550000000 -0.3650000000 0.4550000000 16.9747512928 17.9015182904 17.9015182904
4.0000000000 83.0000000000 1.7463057283 0.4575000000 -0.3725000000 0.4575000000 17.0922518280 17.9081586789 17.9081586789
4.0000000000 84.0000000000 1.7500874987 0.4600000000 -0.3800000000 0.4600000000 17.2017572210 17.9153391717 17.9153391717
4.0000000000 85.0000000000 1.7538692691 0.4625000000 -0.3875000000 0.4625000000 17.3034561892 17.9229211275 17.9229211275
4.0000000000 86.0000000000 1.7576510395 0.4650000000 -0.3950000000 0.4650000000 17.3975366857 17.9307673654 17.9307673654
4.0000000000 87.0000000000 1.7614328099 0.4675000000 -0.4025000000 0.4675000000 17.4841841580 17.9387433671 17.9387433671
4.0000000000 88.0000000000 1.7652145803 0.4700000000 -0.4100000000 0.4700000000 17.5635798458 17.9467184347 17.9467184347
4.0000000000 89.0000000000 1.7689963507 0.4725000000 -0.4175000000 0.4725000000 17.6358991258 17.9545667985 17.9545667985
4.0000000000 90.0000000000 1.7727781210 0.4750000000 -0.4250000000 0.4750000000 17.7013099168 17.9621686669 17.9621686669
4.0000000000 91.0000000000 1.7765598914 0.4775000000 -0.4325000000 0.4775000000 17.7599711561 17.9694112114 17.9694112114
4.0000000000 92.0000000000 1.7803416618 0.4800000000 -0.4400000000 0.4800000000 17.8120313595 17.9761894833 17.9761894833
4.0000000000 93.0000000000 1.7841234322 0.4825000000 -0.4475000000 0.4825000000 17.8576272758 17.9824072544 17.9824072544
4.0000000000 94.0000000000 1.7879052026 0.4850000000 -0.4550000000 0.4850000000 17.8968826483 17.9879777806 17.9879777806
4.0000000000 95.0000000000 1.7916869730 0.4875000000 -0.4625000000 0.4875000000 17.9299070929 17.9928244823 17.9928244823
4.0000000000 96.0000000000 1.7954687434 0.4900000000 -0.4700000000 0.4900000000 17.9567951036 17.9968815401 17.9968815401
4.0000000000 97.0000000000 1.7992505137 0.4925000000 -0.4775000000 0.4925000000 17.9776251942 18.0000944022 18.0000944022
4.0000000000 98.0000000000 1.8030322841 0.4950000000 -0.4850000000 0.4950000000 17.9924591848 18.0024202034 18.0024202034
4.0000000000 99.0000000000 1.8068140545 0.4975000000 -0.4925000000 0.4975000000 18.0013416393 18.0038280909 18.0038280909
4.0000000000 100.0000000000 1.8105958249 0.5000000000 -0.5000000000 0.5000000000 18.0042994592 18.0042994592 18.0042994592
